n = 1
можно = 1,3,4,6,7
нельзя = 2,5,8,11

3*K-1

6:

    0: [(1, 0), (2, 0), (4, 0), (5, 0)]
    1: [(0, 0), (1, 0), (2, 0), (4, 0), (5, 0)]
    2: [(0, 0), (1, 0)]

7:
    0: [(0, 0), (2, 0), (3, 0), (5, 0), (6, 0)]
    1: [(2, 0), (3, 0), (5, 0), (6, 0)]
    2: [(0, 0), (1, 0)]
    3: [(3, 0), (1, 0), (5, 0), (6, 0), (0, 0)]

n = 2

можно  = 2, 4
нельзя = 1, 3, 5

4: [0,0] = [(1, 0), (2, 0), (2, 1), (3, 0)]
   [1,0] = [(1, 0), (3, 0), (1, 1), (3, 1), (0, 0)]



6: [0,0] = ИНвертировал [(3, 0), (5, 1), (1, 1)]
   [1,0] = Инвертировал [(3, 0), (3, 1), (4, 0), (4, 1), (0, 1)]
   [2,0] = инвертировал [(1, 0), (3, 0), (1, 1), (5, 1), (0, 0), (0, 1)]